$1                                                            
$1                                       0000000000000000000  
$2                                   00000000000000000        
$2                                000000000000000        000  
$3                              000000000000        00000000  
$3                            0000000000       00000000000    
$4  0                      0000000000     0000000000 0000     
$4  000                  00000000     000000000 00000000      
$5  0000  00           0000000    000000000 00000000000       
$5  00000  0000     0000000   00000000  00000000000000        
$6    0000 00000000000000 000000000 00000000  0000000         
$6      00000000000000 00000000 000000      0000000           
$7         0 000000 0000000 000            0000000            
$7            0000 00000000              00000000             
$8             0000   0000000000000000000000000               
$8               000       000000000000000000                 
$9                 00             00000000                    
$9                                                            